4.2935
4.7706
4.1895
3.5440
3.4177
3.5708
4.3499
5.1176
5.1352
5.0547
5.0963
5.2937
5.3997
5.6463
5.6004
5.5805
5.6472
5.8858
5.9376
6.0929
6.1610
6.0722
6.1359
6.0532
6.0991
5.8991
6.0323
6.2270
6.3589
6.0522
6.2291
6.2902
6.2380
6.4289
6.5166
6.4340
6.3178
6.4620
6.4756
6.5262
6.6047
6.5475
6.4039
6.3088
6.1920
6.1645
6.3183
6.4537
6.3930
6.2900
6.3690
6.6255
6.5217
6.6641
6.6691
6.5368
6.5409
6.3699
6.5266
6.7429
6.6077
6.8108
6.9609
6.5788
6.3875
6.6439
6.4844
6.5605
6.9939
7.1088
6.9520
6.9534
7.2149
7.2766
7.5207
7.2852
7.3969
7.3988
7.2721
7.2756
7.4507
7.1364
7.0160
7.1800
7.2579
7.1488
7.3453
7.4437
7.5441
7.5935
7.2239
7.0733
7.1170
7.1278
7.2820
7.2333
7.4104
7.1516
6.9640
7.2356
7.1107
7.1408
7.0987
7.2297
7.3752
7.5325
7.3494
7.3016
7.5441
7.4290
7.5433
7.3193
7.2592
7.0458
7.1287
7.1808
7.2876
7.4863
7.5025
7.5917
7.7597
7.7975
7.9239
7.8621
7.9846
7.8029
7.9389
7.5676
7.7996
7.7485
7.7406
7.6429
7.6144
7.5849
7.4921
7.2891
7.4945
7.3073
7.5503
7.5893
7.9148
7.7165
7.4917
7.2997
7.3797
7.3952
7.5880
7.5667
7.4764
7.5982
7.6558
7.6510
7.8300
8.0222
7.9647
8.0675
7.8906
8.1518
8.1353
8.2438
8.2109
8.1188
7.9231
8.0746
8.3762
8.3292
8.2058
7.8442
8.0158
8.2532
8.3658
8.2153
8.1815
8.1350
8.1767
8.3808
8.0765
8.1806
8.1918
7.9887
8.0586
8.0118
8.1509
8.1410
7.9811
7.8435
8.2906
7.9363
7.9114
7.7283
7.8026
7.9584
8.0805
8.0495
8.2639
8.2999
8.2266
8.2296
8.5173
8.0571
7.9279
8.2643
8.1248
7.9498
8.3710
8.2456
8.2640
8.2489
8.1299
8.2066
8.5607
8.5653
8.5237
8.6041
8.5379
8.2266
8.2363
8.3870
8.5967
8.9097
8.9885
9.1162
9.0114
9.0327
8.9719
9.2421
9.2868
9.3343
9.1381
8.8757
8.9552
9.0814
9.0149
8.9055
9.0039
8.8755
9.0262
8.9046
9.2807
9.4831
9.2990
9.4033
9.4326
9.4252
9.2502
9.3959
9.7443
9.3693
9.3437
9.4308
9.5520
9.6845
9.6050
9.6767
9.4097
9.7619
9.8044
9.8382
9.6181
9.2579
9.2043
9.2515
9.4395
9.5350
9.5990
9.8477
9.8686
9.8985
9.9517
9.8597
9.6975
9.5817
9.5441
9.7491
9.9190
10.0033
9.5793
9.4015
9.4706
9.6384
9.3005
9.5317
9.6708
9.8076
10.0818
9.6487
9.5475
9.8528
9.6254
9.6171
9.7279
9.7444
9.6449
9.6588
9.6965
9.7939
9.9066
9.7963
9.8115
9.7461
9.8357
10.0130
10.0434
10.3816
10.2862
10.2203
10.3092
10.2436
9.9818
9.9087
10.1586
9.8741
10.1468
9.8831
10.0702
10.1224
10.2205
10.3673
10.2881
10.2868
10.2987
10.2897
10.1175
9.8928
10.0565
10.3117
10.2352
10.0681
10.0312
10.1992
10.2391
9.7768
10.0165
10.1739
10.1177
10.0709
9.9365
9.9717
10.1709
10.2299
10.3466
10.5229
10.3766
10.4118
10.3842
10.2669
10.0855
10.0395
10.2550
10.2567
10.0430
10.2856
10.2663
10.1448
10.2809
10.1877
10.2308
10.3032
10.2903
9.9937
10.3708
10.7653
10.6926
10.2896
10.1063
10.2381
10.5579
10.3422
10.4691
10.5990
10.7056
10.6529
10.3922
10.4380
10.4756
10.3996
10.5285
10.6783
10.4804
10.5805
10.5362
10.3335
10.4884
10.6961
10.4379
10.3999
10.1288
10.4765
10.2050
10.2678
10.3154
10.3505
10.5516
10.3730
10.5145
10.2272
10.3391
10.6991
10.5501
10.7579
10.8911
10.7523
10.6560
10.5644
10.5316
10.5907
10.7186
10.7563
10.7181
10.8246
10.8941
10.8357
10.7463
10.9560
11.2844
11.0516
11.0085
11.3050
11.4145
11.3162
11.0714
11.1215
10.9973
11.1526
11.0518
11.1376
11.0951
10.8946
10.5118
10.3465
10.6451
10.4945
10.6029
10.6165
10.9606
10.8052
10.6502
10.9359
10.9065
10.7006
10.7074
10.8816
10.7996
10.8485
10.9583
11.1582
11.3713
11.0460
11.1089
11.5610
11.4856
11.0529
10.9966
11.2363
11.1892
11.0725
11.5206
11.1652
11.1124
11.0294
11.2216
11.5240
11.1956
11.1685
11.1939
11.1222
11.1580
11.2223
11.3626
11.2495
11.3129
11.2721
11.1068
11.5432
11.3035
11.2506
11.4496
11.6952
11.3503
11.4270
11.4456
11.1751
11.2613
10.8970
10.9678
11.0576
11.3196
10.9463
11.1248
11.2121
11.0779
11.1866
11.2451
11.3146
11.0362
11.0537
11.3841
11.5935
11.5639
11.5666
11.5407
11.6230
11.8034
11.9438
11.8398
11.4732
11.6058
11.3642
11.4203
11.5803
11.2893
11.3748
11.2632
11.4591
11.6391
11.6879
11.6288
11.7587
11.6119
11.6444
11.4694
11.6127
11.6252
11.5614
11.6082
11.7092
11.6169
11.6166
11.8385
11.7383
11.5782
11.4114
11.7593
11.6260
11.5400
11.2489
11.3122
11.1891
11.4479
11.4466
11.3252
11.5947
11.4652
11.5259
11.3799
11.4821
11.2535
11.4239
11.3244
11.7960
11.7223
11.6115
11.9706
12.0518
12.0087
12.2564
12.3449
12.0655
12.2128
12.0587
11.9919
12.1932
12.0392
12.0680
11.9756
12.2174
12.0438
11.9843
12.3159
12.4422
12.3202
12.3892
12.6213
12.2482
12.6003
12.7848
12.5476
12.7173
12.2771
12.5346
12.7896
12.5462
12.7403
12.5026
12.1696
12.2129
12.1499
12.1866
12.3940
12.1201
12.1934
12.1505
12.3295
12.4506
12.2963
11.9137
12.3263
12.1782
12.4091
11.9102
12.1469
11.9255
11.6461
12.2447
12.1119
11.7088
11.9076
12.0196
12.0684
12.3383
11.9537
11.8930
12.2012
12.4191
12.3368
12.0454
11.8594
11.8971
11.6835
11.9195
11.8528
12.0409
11.9522
12.1847
12.2630
12.4701
12.4090
12.4300
12.5490
12.4145
12.2605
12.1762
12.4714
12.4727
12.4185
12.4784
12.4538
12.4110
12.4811
12.3390
12.3190
12.3322
12.5469
12.4966
12.5452
12.3147
12.4608
12.2898
12.6576
12.6063
12.3804
12.5871
12.6413
12.7370
12.6789
12.6655
12.8884
12.7694
12.6527
12.5741
12.2957
12.7708
12.8098
12.7665
12.5895
12.9573
12.6748
12.7676
12.7307
12.4986
12.7451
12.8280
12.8511
12.5546
12.3229
12.3522
12.3091
12.4746
12.5274
12.6016
12.4418
12.3798
12.6332
12.6080
12.5956
12.8218
12.8354
12.3549
12.4855
12.6551
12.3457
12.1819
12.8199
12.4933
12.0837
12.0553
12.3148
11.8965
12.1650
12.1189
12.3255
12.1973
12.3059
12.1133
12.1859
12.2332
12.3281
12.2735
11.9083
12.2315
12.3662
12.2780
12.1667
12.1964
12.6538
12.5732
12.6102
12.6269
12.8189
12.7299
12.8955
12.9017
12.5752
12.4303
12.7737
12.3752
12.5036
12.6396
12.7441
12.3423
12.0071
12.3212
12.3059
12.2999
12.4955
12.3172
12.6703
12.6670
12.5145
12.7161
12.8002
12.7536
12.6463
12.6781
12.7357
12.4819
12.6555
12.4617
12.8020
12.6289
12.5477
12.6997
12.6864
12.5804
12.3894
12.5283
12.6248
12.6809
12.1811
12.3657
12.6130
12.6300
12.8156
12.9863
12.8559
12.7311
12.8256
12.8596
12.5219
12.6332
12.8836
12.3529
12.3989
12.4277
12.6463
12.8804
13.0516
12.6485
12.5784
12.8005
12.9539
12.9421
13.0224
13.0383
12.5737
12.8308
13.1343
13.4248
13.3898
13.1909
13.2099
13.3711
12.8390
12.6478
12.7154
12.9216
12.7551
12.4635
12.6129
12.8143
12.6248
12.8676
12.6352
12.5080
12.5890
12.7922
12.5559
12.6732
12.6614
12.7971
12.3057
12.3042
12.2736
12.4396
12.2751
12.2124
12.6605
12.6606
12.6096
12.6485
12.6761
12.6624
12.7160
13.0067
12.9586
13.0741
13.0601
13.1290
12.9390
13.3034
13.2393
12.8415
13.1039
13.2111
12.9768
13.0276
12.9751
12.8035
12.9995
13.0928
12.9743
12.9270
12.9834
12.8860
13.0023
13.1004
13.1338
13.2731
13.2880
13.2222
13.2914
13.1127
13.0719
12.9511
13.0457
13.0508
13.0009
12.9433
13.0415
13.0528
13.1520
13.1734
13.2238
12.8710
13.3678
12.9664
13.1694
13.3261
13.1534
13.1150
13.3256
13.4907
13.4030
13.5723
13.6915
13.5594
13.5239
13.1043
13.4049
13.7010
13.4856
13.5996
13.2263
13.4692
13.1325
13.1695
13.2928
13.5387
13.3008
13.2454
13.2172
13.5458
13.1709
13.1166
13.4451
13.6191
13.3746
13.0073
13.0993
13.4015
13.4061
13.2491
13.0901
13.4580
13.3422
13.3270
13.1411
12.8368
13.0632
13.1369
12.9455
13.2194
13.4439
13.2977
13.2308
13.0631
13.2613
13.1593
12.9792
13.3592
13.4658
13.2976
13.4596
13.3307
13.5386
13.4385
13.2250
13.3923
13.1781
12.9868
13.0032
13.3414
13.3504
13.1828
12.9653
13.3393
13.5526
13.5407
13.6875
13.6306
13.2384
13.6183
13.1804
13.5116
13.5173
13.6437
13.3109
13.1810
13.7256
13.6174
13.8127
13.6786
13.6340
13.8134
13.9172
13.6524
13.5405
13.8695
13.6839
13.6355
13.7951
13.5590
13.3523
13.4604
13.8827
13.8363
13.6271
13.8901
14.0246
13.6830
13.8056
13.8018
13.6109
13.7322
13.6047
13.7385
13.9895
13.6928
13.4676
13.2774
13.4438
13.4643
13.6959
13.7289
13.4010
13.4389
13.4300
13.3689
13.3855
13.2328
13.3965
13.5205
13.4473
13.4882
13.5824
13.5739
13.4977
13.4263
13.6538
13.6064
13.6250
13.6189
13.4788
13.6565
13.4850
13.2412
13.4147
13.6897
13.5886
13.5274
13.7260
13.5734
13.1349
13.4588
13.5965
13.5317
13.5308
13.6032
13.3303
13.4114
13.4683
13.6959
13.5244
13.1716
13.2952
13.6502
13.3892
13.5947
13.4497
13.3997
13.5353
13.4392
13.7836
13.6752
13.7680
13.8201
14.0534
13.5594
13.5883
13.6315
14.0972
13.7658
13.8843
14.0248
14.1787
13.9586
14.0274
14.2372
14.1613
14.0437
14.0420
13.9778
13.7398
13.9243
14.0248
14.0698
13.9887
14.1319
14.1400
13.8600
13.8445
13.8006
13.8273
13.3282
13.2403
13.3959
13.5888
13.2232
13.1658
13.1487
13.2208
13.1476
13.2952
13.1925
13.2761
13.3713
13.4593
13.6281
13.7802
13.4469
13.2988
13.3587
13.1720
13.5489
13.5544
13.5093
13.6748
13.2565
13.4495
13.4551
13.2635
13.6639
13.6644
13.3604
13.7161
13.6712
13.3548
13.4187
13.4408
13.3942
13.7536
13.4930
13.7900
13.5423
13.4826
13.1162
13.7270
13.4167
13.1053
13.5192
13.6280
13.4912
13.5703
13.5426
13.5273
13.7793
13.9637
14.0042
13.8958
13.6687
13.7119
13.9133
13.6148
13.6498
13.8820
13.8445
13.7673
13.3948
13.7654
13.6305
13.7295
13.5416
13.4597
13.9041
13.5735
13.7239
13.9866
13.8052
13.9969
13.5699
13.9200
13.8333
13.8304
13.6316
13.8240
13.8912
13.4880
13.6490
13.9989
13.7099
13.8688
14.0699
14.3754
13.8305
13.8651
14.2301
14.1846
14.4096
14.5441
14.4157
14.4419
14.5089
14.6410
14.5345
14.3961
14.4557
14.3175
14.0395
14.3328
14.0454
13.8416
13.9729
13.9877
14.1753
14.2681
14.0958
14.0575
14.1617
13.8842
13.8491
13.8569
13.9232
14.1014
14.1661
14.2979
13.8266
14.1940
14.0823
13.7159
13.6399
13.7955
13.5284
13.8516
13.9463
14.0181
13.9846
14.2674
14.1083
13.7514
13.8661
14.2557
14.3930
14.0345
13.7495
13.7173
13.9103
14.1338
13.8020
13.3089
13.8700
13.7666
13.6341
13.1468
13.5209
13.6389
13.4366
13.2184
13.4072
13.6014
13.3482
13.2714
13.3794
13.5171
13.5302
13.5936
13.5996
13.6929
13.5433
13.6281
13.8713
13.8770
14.0367
13.8053
13.7015
13.8528
14.0321
13.8957
13.9530
13.7101
13.4379
13.7243
13.6293
13.4860
13.9378
13.9487
13.5652
13.7281
13.9423
13.9671
13.9590
13.9612
14.1058
14.0021
14.0690
14.1878
14.0576
13.8463
14.0581
13.9668
13.9454
13.8794
13.6305
13.9917
13.8975
14.0817
13.8753
13.9570
13.9478
14.0576
14.2285
13.8895
14.1039
13.9533
13.9237
13.9486
13.5518
13.8331
13.6546
13.7074
13.9772
14.2747
14.1408
14.2520
14.1156
13.8996
14.0796
14.1818
14.3176
14.0108
13.8164
14.0250
13.8744
13.7961
13.8713
14.1814
14.1105
13.9540
14.1178
14.0887
13.7541
13.7891
13.6923
13.6693
13.8459
13.6755
13.6817
13.8175
13.9551
13.7946
13.6451
13.9902
13.8558
13.6953
14.0904
14.0294
13.7838
13.9687
14.0275
13.9817
13.8331
13.6368
14.0698
13.8421
13.6979
13.5621
13.6313
13.9060
14.1178
14.1042
14.0603
14.0426
14.1852
13.8746
14.2919
14.5266
14.1184
14.2561
14.1357
14.1597
14.2531
14.1679
14.1977
14.1308
14.3009
14.0455
13.9551
14.0946
14.1629
14.1833
14.0392
14.0992
14.2147
13.8831
14.0723
14.1515
13.7573
13.9459
13.7555
14.0439
13.8022
13.7425
13.8317
13.9130
14.0123
14.0493
13.6525
13.5073
13.7126
14.0518
14.0399
13.7843
13.8293
14.0904
14.2027
14.2742
14.1047
13.7519
13.7243
13.6760
13.8511
13.9880
13.7000
13.7978
14.0954
13.9683
14.0114
14.0550
13.7500
13.7467
14.1808
13.9610
13.8589
13.9944
13.9938
13.9509
13.8078
13.9242
13.7870
13.5455
13.7240
13.6889
13.8255
13.9061
13.7046
13.5896
13.5774
13.5705
13.8628
14.2921
14.2535
14.0350
13.8678
14.3932
14.4036
14.2885
14.0694
14.4150
14.2700
14.2089
14.0500
14.3422
14.3825
14.2473
14.5948
14.3943
14.1159
14.1621
14.1624
14.0672
14.2925
14.1428
14.0076
14.3418
14.1798
13.9932
14.4369
14.6699
14.3667
14.5474
14.5661
14.3312
14.4814
14.9438
14.6799
14.7377
14.4864
14.6560
14.6556
14.4374
14.5238
14.6509
14.3855
14.2506
14.2251
14.0858
13.9575
14.0551
14.4057
14.4553
14.1881
14.4446
14.0541
14.1001
14.4202
14.3114
14.2793
14.0748
14.3077
14.1197
14.1863
14.0404
14.0627
13.8609
13.7699
13.6288
13.8076
14.1129
13.9589
14.1721
14.2269
14.1254
14.1772
14.2991
13.8969
14.1343
14.2937
14.3131
14.1013
14.5659
14.6421
14.4580
14.3911
14.4546
14.2074
14.2549
13.9522
13.6892
13.9502
13.7914
14.0727
14.1231
14.2790
13.8678
14.2154
14.2949
14.1211
14.1879
13.8866
14.1074
14.2727
14.2786
14.1474
14.3882
14.4358
14.2732
14.3280
14.5423
14.6693
14.6392
14.1614
14.1727
14.3097
14.2086
14.3763
14.1915
14.0928
14.6098
14.5576
14.6196
14.2951
14.1391
14.3413
14.5703
14.1960
14.0333
14.8215
14.5595
14.2150
14.1879
14.0843
14.3426
14.2052
14.4680
14.4290
14.3967
14.3163
14.4204
14.2916
14.4730
14.7122
14.6292
14.8480
15.0823
14.5137
14.6819
14.8111
14.6524
14.5738
14.6687
14.9363
14.7915
14.8040
14.8245
14.8717
14.9085
14.8651
15.2479
14.7244
14.8138
14.5598
14.9288
14.6298
14.6198
14.5532
14.4035
14.7173
14.7837
14.5375
14.6639
14.3355
14.5240
14.5311
14.4479
14.0467
14.2208
14.5587
14.6297
14.2153
14.5459
14.4933
14.2481
14.4690
14.3256
13.9885
14.5406
14.5696
14.3685
14.2428
14.2188
14.3987
14.2297
14.2463
14.1893
14.0548
14.4232
14.4525
14.5139
14.2777
14.2575
14.2617
14.2063
13.8182
14.1758
14.3798
14.1510
14.1056
14.0018
14.2887
14.4431
14.4768
14.6520
14.3067
14.2697
14.3931
14.3079
14.4933
14.3459
14.3955
14.0550
14.3056
14.2930
14.0678
14.0487
14.0942
14.0847
14.2963
14.0982
14.3580
14.2468
13.9720
14.3889
14.0588
14.0543
14.0048
13.8632
14.4236
14.1174
13.9038
14.0798
14.0332
14.1169
14.1344
14.4049
14.3633
14.3770
14.0590
13.6367
14.3163
14.2915
14.1395
14.3751
14.1346
14.1295
14.4529
14.4588
14.5098
14.4354
14.6282
14.6270
14.6634
14.4149
14.4521
14.5980
14.3533
14.2504
14.4672
14.2147
14.2141
14.2779
14.4333
14.0904
14.0582
14.7092
14.4081
13.8734
13.9728
13.9520
14.2023
13.9337
14.0175
13.9950
13.8500
13.9667
14.0986
14.2652
14.2325
13.9139
13.8621
14.0246
13.8230
14.0367
14.3630
14.4012
14.5369
14.4411
14.3146
14.5051
14.4213
14.8037
14.7553
14.4192
14.5570
14.8945
14.8383
14.8937
14.7220
14.7822
14.8936
14.6418
14.7799
14.8488
14.6098
14.7731
14.9146
14.6319
14.5377
14.5974
14.5861
14.8913
14.9125
14.9051
14.6901
14.6202
14.5625
14.5517
14.7641
14.6291
14.7968
14.6810
14.2767
14.3630
14.5989
14.8122
14.3869
14.4500
14.4311
14.1213
14.2926
14.5651
14.5857
14.3753
14.4415
13.8083
14.2649
14.4921
14.1024
14.2827
14.3786
14.0607
14.1786
14.1941
14.1179
14.2533
14.0881
13.9379
14.1333
14.3815
13.9550
14.3723
14.1693
14.3992
14.7325
13.9917
14.3308
14.5254
14.3839
14.6199
14.3377
14.4153
14.6126
14.7495
14.6373
14.5082
14.3713
14.3327
14.3363
14.3982
14.4269
14.4855
13.9861
14.2802
14.2958
14.4998
14.5488
14.6298
14.7398
14.4931
14.7813
14.8859
14.6689
14.3566
14.7073
14.5527
14.4430
14.5434
14.3860
14.3289
14.1344
14.1716
14.1485
14.0251
14.2523
13.6293
13.6392
14.2036
14.1641
14.0024
14.2449
14.1699
14.2488
14.3254
13.9927
13.9831
13.9968
14.1320
14.3690
14.3100
14.3667
14.4631
14.4879
14.4088
14.4987
14.6853
15.0015
14.9328
14.7676
14.5996
14.4818
14.5265
14.4317
14.4753
14.5793
14.3926
14.1651
14.2102
14.6002
14.4936
14.6552
14.3658
14.6020
14.6756
14.3174
14.3349
14.4922
14.1892
14.1924
14.2939
14.3799
14.2044
14.4449
13.9633
13.7503
14.1093
14.0126
14.1807
14.6475
14.4861
14.2402
14.6025
14.5050
14.5878
14.4576
14.4641
14.6335
14.8017
14.3775
14.4372
14.2925
14.4251
14.3835
14.4328
14.7720
14.3445
14.3273
14.2326
14.1273
14.3504
14.2671
14.4502
14.4736
14.3041
14.5912
14.6169
14.5411
14.7146
14.7985
14.6872
14.7525
14.8184
14.8694
14.6149
14.7100
14.3356
14.2595
14.2995
14.4595
13.9973
14.0726
14.3296
14.2952
13.9013
13.6571
14.3590
14.3878
14.5221
14.5868
14.6031
14.2857
14.5042
14.6447
14.4875
14.5817
14.1953
14.3192
14.5081
14.0646
14.4562
14.5203
14.3226
14.3163
14.5714
14.8639
14.9666
15.0540
14.9000
14.7157
14.8819
14.5177
14.5286
14.6362
14.4892
14.4480
14.2779
14.7399
14.4133
14.1392
14.2881
14.3490
14.4456
14.6085
14.4451
14.0857
14.2908
14.5276
14.3840
14.4912
14.2347
14.3630
14.5634
14.0016
14.0641
13.8934
14.1439
14.4199
14.3399
14.2377
14.0531
14.0546
14.1718
14.1354
14.1505
14.4161
13.7935
14.1795
14.5128
14.2432
14.4058
14.0176
13.8440
14.0956
14.3174
14.3927
13.9942
14.0091
14.1502
14.4892
14.4191
14.5657
14.0797
14.2553
14.4904
14.5671
14.6368
14.1743
14.6693
14.6281
14.7424
14.2538
14.5843
14.2493
14.7348
14.5787
14.4853
14.4392
14.3370
14.2278
14.1376
14.3040
13.9157
14.1619
13.9488
14.1609
14.1944
14.2027
14.4031
14.6101
14.7624
14.1760
14.5712
14.3103
14.3914
14.5927
14.6920
14.4045
14.2517
14.5952
14.0903
14.2293
14.4192
14.4414
14.7260
14.6623
14.4871
14.3279
14.8177
14.7241
14.4002
14.4025
14.7695
14.6461
14.6513
14.8971
14.9701
14.9002
14.7091
15.1213
14.9748
14.8787
14.5520
14.4044
14.5872
14.6058
14.3909
14.6655
14.3528
14.1121
14.2801
14.5913
14.2526
14.3741
14.5379
14.5466
14.7918
14.8443
14.7648
14.6409
14.9277
15.2064
14.9183
14.8782
15.2847
14.9474
14.8705
14.7073
14.9993
15.0592
14.8103
14.7759
14.9555
15.1040
14.9889
14.4588
15.0921
15.0357
14.8130
14.6567
14.7920
14.7645
14.8784
14.7049
14.9699
15.0133
14.9992
14.9347
14.9809
14.9432
14.9503
14.9893
15.1503
14.8915
14.7684
14.6160
14.9890
14.7567
14.5542
14.9913
14.8860
14.6578
14.3487
14.5364
14.5693
14.2549
14.2677
14.3575
14.6506
14.3762
14.4447
14.2831
14.4923
14.4627
14.5897
14.5085
14.5184
14.4227
14.6498
14.5264
14.6161
14.9068
14.5743
14.5515
15.0817
14.7219
14.5955
14.6773
14.8348
14.7898
14.5643
14.8492
14.8147
14.9186
14.8008
14.6986
14.5874
14.4772
14.4947
14.3430
14.4101
14.7602
14.2558
14.5687
14.7430
14.6145
14.2673
14.4504
14.8849
14.7833
14.8970
14.5790
14.6344
14.5961
14.5268
14.7365
14.8339
14.5422
14.8202
14.7959
14.9377
14.9419
15.2310
15.0767
15.1231
14.9812
15.2570
15.2344
15.1405
15.4406
15.2296
15.1508
14.9564
15.1205
15.1051
14.8657
14.8486
15.0718
15.0487
15.0608
14.6788
14.5987
14.5385
15.0273
14.7660
14.6933
14.7926
14.8941
14.5335
14.5950
14.5767
14.3097
14.6998
14.7620
14.9245
14.9939
15.1910
15.1168
14.9831
14.8946
15.1274
15.2172
14.9524
14.9428
14.9876
15.0951
14.9390
14.6034
14.6816
15.0774
14.8661
14.9401
15.0669
14.6832
14.9836
14.9485
14.9962
15.1069
14.8188
14.8832
14.6569
14.7277
15.0041
14.8935
14.9906
14.8808
14.7587
15.1852
14.9458
14.5732
14.8391
15.0613
14.6659
14.7266
14.8274
15.1661
15.2868
15.0809
15.0677
15.2086
15.1408
15.0942
15.0114
14.8883
14.9781
15.0113
14.7792
14.5881
14.4846
14.4540
14.4867
14.2320
14.5645
14.4184
14.4960
14.6401
14.5379
14.2666
14.3207
14.2875
14.4017
14.0708
14.5676
14.9552
14.8147
14.6430
14.7234
14.6660
14.7689
15.0233
15.0659
14.9822
15.1269
14.7722
14.5647
14.7364
14.8160
14.9934
15.1972
15.1036
14.7507
14.5141
15.0646
15.3918
14.7576
14.6774
14.9750
14.8455
14.7440
14.8134
15.1260
15.1201
14.6712
14.8547
14.9342
15.2914
15.1638
14.9398
14.8643
14.7581
14.7869
15.1877
15.1552
15.0659
14.9043
14.8737
15.1687
14.9608
14.7609
14.8477
14.7108
14.4543
14.5715
14.7194
14.4794
14.5461
14.3779
14.2288
14.2543
14.4582
14.1069
14.1388
14.4699
14.6754
14.4461
14.4468
14.5965
14.5184
14.5027
14.8008
14.8942
14.5714
14.9838
14.8488
14.7520
14.9511
14.8035
14.7929
15.1254
14.8328
14.9298
15.4531
15.2880
15.2067
15.0364
15.1249
15.3966
15.4718
15.5998
15.6688
15.3898
15.3398
14.9176
14.8129
14.7988
14.8165
14.5117
14.7687
14.1808
14.3742
14.6692
14.5991
14.7591
14.5813
14.8881
14.9690
14.4768
14.8809
14.9455
15.2150
15.3612
15.2436
15.0174
14.9104
14.9672
15.2481
15.5268
15.0764
14.4672
14.6903
15.0915
14.9439
14.8132
14.8859
15.0666
15.0651
14.9991
15.2457
15.1130
15.0945
15.2628
14.8388
14.9253
14.8348
15.1165
14.9184
14.7961
15.0335
14.7683
14.7293
14.9948
15.1676
14.8352
14.6103
14.6492
14.5881
14.5223
14.6426
14.7052
14.6769
14.6389
14.6610
14.8789
15.2744
15.0160
14.9490
14.8989
14.7566
14.6585
14.4806
14.9118
14.5376
14.5685
14.5473
14.6726
14.5651
14.6035
14.6573
15.0926
15.1274
14.7082
14.9648
14.8942
14.9070
15.3278
15.3265
15.0872
14.9836
15.2396
15.2796
15.2085
15.0051
15.1301
15.2380
14.9889
14.9655
15.2284
15.0160
14.6556
14.8663
14.8759
15.0710
15.0634
15.0439
14.8599
15.0888
15.0187
14.8053
14.8681
14.9269
15.3810
14.8478
14.6199
14.6088
14.6476
15.2063
14.8848
14.9076
14.9773
15.0660
15.0156
14.7129
14.9255
14.9573
14.7192
14.6703
14.9315
14.8061
15.0513
15.0659
14.7399
14.7133
14.9993
14.8659
14.8466
14.8585
14.9473
14.9215
15.0061
15.0646
14.9318
14.9821
14.9357
15.1397
14.7908
14.9632
15.3280
14.8289
14.9833
14.9815
14.9551
15.1968
15.0409
14.5322
14.9625
14.9161
14.5313
14.4437
14.7352
14.7325
14.7473
15.0393
15.2615
15.0372
14.9681
15.2801
15.1602
14.7136
14.9418
15.1820
15.0779
15.1221
14.7202
14.7891
14.9613
14.8348
14.7921
15.1601
15.1424
15.2583
15.2914
14.8839
14.9243
14.9137
15.1620
15.0200
15.1845
14.8895
14.7906
15.1074
15.4949
15.2322
15.3491
15.1479
14.8289
14.9854
15.1883
15.0870
15.1012
15.0747
14.8520
15.1955
15.2306
15.1497
15.1841
14.7713
15.0103
14.9204
15.4738
15.3865
14.7984
15.0139
15.1199
14.7532
14.8881
14.7268
14.7054
14.5483
14.9092
15.1281
14.8090
14.5945
14.4828
14.6898
14.6487
14.8742
14.9203
14.8892
15.0169
15.2389
15.2877
15.1552
14.9214
14.8483
15.0004
15.1049
14.9232
14.7814
15.0239
15.1354
15.2728
15.3298
15.1309
15.0433
14.9992
15.0481
15.0001
15.3802
15.1825
15.2361
15.3024
15.3072
14.8680
14.8712
15.0236
15.0173
15.0838
15.0242
14.9492
14.6747
14.5275
14.6150
15.0323
14.4114
14.6416
14.7774
14.5816
14.5930
14.4989
14.6877
14.8464
14.9005
14.8873
14.6592
14.9747
14.6698
14.6109
14.5966
14.5562
14.4714
14.4394
14.4905
14.7406
15.0096
14.3396
14.6018
14.6576
14.3529
14.4722
14.5736
14.4040
14.5112
14.4747
14.4875
14.5106
14.5184
14.7117
14.8619
14.6310
14.8012
14.4880
14.6934
14.9083
14.5959
14.6800
14.6889
14.7277
14.7286
14.7807
14.5919
14.2800
14.5267
14.4474
14.4150
14.6034
14.5438
14.4131
14.5724
14.3138
14.4088
14.3409
14.6544
14.6071
14.5991
14.4479
14.7310
14.5790
14.6678
14.8065
14.4806
14.6851
14.8391
14.7723
14.5360
14.5267
14.4741
14.9780
15.1689
14.8121
14.6313
14.9126
14.8652
14.8969
14.8166
15.1718
14.9177
14.8863
14.7115
14.9351
14.8101
14.6713
14.4548
14.5276
14.4618
14.4265
14.6184
14.6827
14.7630
14.9123
14.7693
14.8726
14.9207
15.2141
15.3246
15.6918
15.2532
15.1836
14.8530
14.7655
15.1373
14.6859
14.9022
14.9158
14.8576
14.6930
14.3189
15.0188
15.1365
14.6517
14.4220
14.4800
14.6445
14.8450
14.7034
14.7394
14.4327
14.6697
14.6686
14.6896
14.6574
14.6883
14.8581
14.8735
14.8662
14.9069
15.2633
15.0037
14.7686
14.9985
14.9051
15.0879
14.8799
14.8911
14.7834
14.4683
14.6226
14.8363
14.7959
14.7511
14.7768
14.8765
15.2161
15.0646
14.9607
14.2942
14.5403
14.9692
14.9592
15.0858
14.9998
14.8265
14.6384
14.8361
15.0957
14.8975
14.9884
15.0226
14.8496
14.5219
14.6066
14.9118
15.3532
15.0547
14.9697
15.2241
14.9091
15.0879
15.2732
15.2059
15.0910
14.8901
15.0046
14.8829
14.7699
14.9733
14.6637
14.3864
14.6538
14.6109
14.9167
14.9386
14.6673
14.6282
14.6314
14.9393
14.6882
14.7647
14.6630
15.2212
14.9769
14.9633
15.5215
15.2550
15.1767
15.0964
15.0538
14.9376
14.8996
15.0863
14.9137
15.1642
14.8047
14.7675
15.0883
14.8938
15.1864
15.0650
15.0456
15.1307
15.1230
14.8989
14.8278
14.9998
15.1198
15.0909
15.2989
15.4943
15.4138
15.5798
15.5131
14.8413
15.1570
15.3434
15.2838
14.9976
14.9819
14.8555
15.1039
14.9888
15.1365
15.2495
14.9861
15.4935
15.4995
14.9217
15.1042
15.0647
15.2186
15.3807
15.4742
15.2558
14.8798
15.1732
15.0902
15.0492
14.9992
15.2435
15.1240
14.9823
15.2714
15.1927
14.9964
14.8539
15.1555
14.7483
14.6626
14.9763
15.2337
15.1886
15.1740
15.2956
15.0041
14.9246
15.3518
15.2243
15.2804
15.1627
15.3719
15.4888
15.0454
15.1483
15.3115
15.0661
15.1046
15.1318
15.1621
14.8646
15.4385
15.1606
14.6451
14.6680
15.1845
14.5295
14.5350
14.8789
14.8077
14.7642
14.9847
14.9764
14.8805
14.9117
14.9419
15.3755
15.0929
15.1432
14.5881
14.9579
15.2733
15.6259
15.3644
15.3627
15.2897
15.2597
15.1975
14.9506
15.1741
14.8912
15.2259
15.1443
15.1693
15.2615
15.1217
15.5242
15.1913
15.2504
15.0561
15.0335
15.0416
15.2330
15.1767
15.3697
15.0686
14.9852
14.8880
14.9445
15.1939
15.0866
14.8808
14.9742
15.1025
15.0806
15.3763
15.3492
15.1903
15.4226
15.0252
15.3680
15.5467
15.4387
15.4763
15.4804
15.1516
15.1418
15.2221
15.2623
15.1427
15.0874
15.0328
14.9298
15.4709
15.3899
15.4244
15.1894
14.8727
15.1386
15.3430
15.2811
15.0391
15.3679
15.3821
15.1935
15.0751
15.1590
15.1790
15.0078
15.0109
15.0477
14.9708
15.1698
15.2777
15.1441
15.4624
15.1694
14.9616
