6.1130
6.7923
6.4359
6.0399
5.7688
5.6898
5.6331
5.6723
5.5737
5.5553
5.5725
5.5317
5.5153
5.5726
5.6584
5.7160
5.7201
5.7601
5.7224
5.7071
5.8034
5.7883
5.9159
5.9910
5.9923
6.0537
6.1507
6.0742
6.1047
6.0163
5.9893
5.9859
6.0665
6.0584
6.1405
6.1628
6.1164
6.1094
6.1327
6.1497
6.2152
6.1614
6.1682
6.2447
6.3075
6.3016
6.2596
6.2774
6.3571
6.2968
6.3054
6.3149
6.3210
6.4078
6.3865
6.4516
6.4196
6.4752
6.4946
6.3896
6.4596
6.4374
6.4438
6.4775
6.5217
6.5975
6.6195
6.5861
6.6512
6.6703
6.6626
6.6073
6.5815
6.6217
6.6419
6.6043
6.6049
6.6299
6.6976
6.7730
6.7433
6.7593
6.8303
6.7715
6.8528
6.8609
6.8321
6.8246
6.9429
6.8833
6.8681
6.8890
6.9389
6.9121
6.9135
6.9439
6.9866
7.0429
6.9966
6.9540
6.9689
6.9611
7.0190
6.9545
6.9761
7.0379
7.0821
7.0868
7.0876
7.0818
7.1598
7.2621
7.1601
7.0668
7.0565
7.0361
7.0268
7.0298
7.0820
7.1289
7.1210
7.1434
7.1082
7.1336
7.2085
7.2117
7.2308
7.3009
7.3544
7.4493
7.5059
7.3688
7.4143
7.3581
7.2935
7.2950
7.3322
7.3536
7.3618
7.4176
7.4329
7.4632
7.4681
7.4690
7.5211
7.5657
7.4864
7.4182
7.4180
7.3801
7.3668
7.4075
7.4262
7.4602
7.4692
7.5480
7.6178
7.5264
7.5961
7.4979
7.4910
7.4900
7.4801
7.4734
7.4883
7.5626
7.6006
7.5252
7.5591
7.5946
7.6229
7.6388
7.6031
7.5924
7.5849
7.5722
7.5802
7.6447
7.6497
7.6352
7.6392
7.6302
7.6491
7.6280
7.6533
7.6415
7.6417
7.6108
7.6342
7.6180
7.6000
7.6712
7.7280
7.7467
7.6697
7.6152
7.6525
7.6850
7.6567
7.7164
7.7471
7.7568
7.7454
7.7771
7.7902
7.8335
7.8195
7.7928
7.8409
7.7544
7.7649
7.8410
7.8500
7.8512
7.8147
7.8230
7.8567
7.8563
7.8937
7.8508
7.8054
7.8504
7.8138
7.7910
7.8566
7.8852
7.8658
7.8820
7.9111
7.8768
7.8943
7.8848
7.8254
7.8838
7.8642
7.9069
7.9433
7.9348
7.9631
7.9301
7.9979
8.0733
8.0103
7.9671
7.9679
7.9643
7.9782
7.8958
7.8909
7.9232
7.9170
7.9433
7.9215
7.9306
7.9451
7.9746
8.0051
8.0701
8.0380
8.0022
8.0091
8.0769
8.0432
8.0836
8.0618
8.0642
8.0225
8.0383
8.0093
8.0459
8.0799
8.0799
8.0311
8.0390
8.0789
8.0877
8.1508
8.1387
8.0830
8.1545
8.1117
8.0908
8.0764
8.0938
8.1065
8.1339
8.1133
8.1792
8.2391
8.2502
8.2313
8.2059
8.2355
8.2417
8.1908
8.1832
8.1324
8.1649
8.1588
8.0810
8.1366
8.1918
8.2576
8.2085
8.1873
8.1836
8.1263
8.0937
8.0952
8.0614
8.1260
8.1178
8.1198
8.1643
8.1670
8.1745
8.1428
8.1542
8.1802
8.2003
8.2581
8.2402
8.2402
8.2158
8.3021
8.3001
8.2646
8.2629
8.2254
8.2194
8.2327
8.1964
8.2004
8.2249
8.2544
8.2338
8.2909
8.3144
8.3160
8.2978
8.3665
8.2717
8.3175
8.3661
8.3690
8.3478
8.2887
8.2875
8.3106
8.2762
8.2469
8.2566
8.2985
8.3116
8.2974
8.3060
8.3423
8.3537
8.3441
8.3779
8.3666
8.3540
8.3534
8.3705
8.3561
8.3535
8.4039
8.3688
8.3209
8.4010
8.4123
8.4514
8.4127
8.4675
8.4973
8.4859
8.4443
8.4893
8.4548
8.4409
8.4232
8.4347
8.4564
8.4382
8.4025
8.3917
8.3797
8.3952
8.3681
8.4401
8.3668
8.3520
8.3290
8.3389
8.3099
8.3666
8.4162
8.3825
8.3694
8.3527
8.3608
8.4010
8.4033
8.4081
8.4846
8.5052
8.4947
8.4852
8.4569
8.4855
8.4817
8.5619
8.5532
8.6103
8.5715
8.5727
8.5431
8.5723
8.5493
8.5615
8.5683
8.6226
8.6162
8.5914
8.6438
8.6465
8.6183
8.6337
8.6508
8.6099
8.5421
8.5557
8.5641
8.5868
8.5809
8.5922
8.5669
8.5255
8.5661
8.5935
8.5972
8.5525
8.5961
8.6001
8.5668
8.5587
8.5275
8.5550
8.5812
8.5591
8.5301
8.5380
8.5578
8.6020
8.6489
8.6410
8.6345
8.5983
8.6026
8.5807
8.5675
8.5528
8.5787
8.5786
8.6073
8.6170
8.6279
8.6021
8.6446
8.6162
8.6336
8.6351
8.6324
8.6405
8.6628
8.6609
8.6588
8.6476
8.6573
8.6993
8.6948
8.6698
8.6909
8.6477
8.6174
8.6505
8.6117
8.6197
8.6219
8.6532
8.6858
8.6776
8.6641
8.6423
8.6781
8.6757
8.6709
8.6654
8.6127
8.6075
8.6083
8.6404
8.6538
8.6798
8.6443
8.7159
8.7488
8.7009
8.7343
8.7582
8.7669
8.7121
8.7024
8.6827
8.7141
8.7268
8.7143
8.6981
8.7135
8.6839
8.6844
8.7249
8.6921
8.6802
8.6980
8.6644
8.6338
8.6465
8.6295
8.6950
8.6812
8.6324
8.6561
8.6423
8.6159
8.6133
8.5592
8.5236
8.5574
8.5593
8.5860
8.6155
8.6195
8.6061
8.6469
8.6432
8.6436
8.6885
8.7427
8.7631
8.7501
8.7735
8.7928
8.7965
8.7428
8.7386
8.7630
8.7855
8.7417
8.7620
8.7889
8.7299
8.7577
8.7663
8.7937
8.7931
8.7990
8.7878
8.7798
8.8064
8.8427
8.8209
8.7988
8.7986
8.8207
8.8097
8.8331
8.8279
8.8466
8.8651
8.8612
8.8259
8.8243
8.8537
8.8175
8.8061
8.7424
8.7849
8.7832
8.8125
8.8361
8.8380
8.7355
8.7328
8.7343
8.7226
8.7718
8.8131
8.8146
8.8118
8.8220
8.8511
8.8702
8.9047
8.8630
8.8834
8.8371
8.8813
8.8814
8.8483
8.8359
8.8621
8.8913
8.8992
8.9325
8.9583
8.9537
8.9153
8.9148
8.9454
8.8793
8.8748
8.9187
8.8364
8.8449
8.8810
8.8834
8.8549
8.8832
8.8836
8.8574
8.8860
8.9089
8.8855
8.9039
8.9266
8.8918
8.8931
8.9035
8.8950
8.8611
8.8501
8.8135
8.8417
8.8419
8.8400
8.8244
8.8049
8.8077
8.7997
8.8442
8.8669
8.8410
8.8767
8.8897
8.8997
8.8908
8.9054
8.9260
8.9667
8.9741
9.0291
9.0479
9.0599
9.0932
9.0614
9.0416
9.0818
9.1287
9.0763
9.0648
9.0632
9.0013
9.0148
8.9943
8.9781
8.9890
8.9700
8.9356
8.9463
8.9515
8.9505
8.9584
8.9449
8.9144
8.9538
8.9842
8.9692
8.9613
8.9482
8.9335
8.9395
8.9328
8.9276
8.9329
8.9455
8.9528
8.9143
8.9492
8.9614
8.9260
8.9067
8.9541
8.9157
8.9552
8.9792
8.9636
8.9107
8.9496
8.9152
8.9147
8.8963
8.9115
8.9106
8.9140
8.9223
8.9448
8.9520
8.9511
8.9346
8.9541
9.0157
8.9574
8.9749
8.9766
8.9452
8.9613
8.9282
8.9247
8.9252
8.9347
8.9319
8.9466
8.9296
8.8996
8.8818
8.8909
8.9054
8.8950
8.9366
8.9563
8.9604
8.9360
8.9178
8.9442
8.9603
8.9737
8.9841
8.9868
9.0120
8.9756
8.9729
8.9966
8.9963
9.0048
8.9809
9.0099
9.0377
9.0552
9.0703
9.0826
9.0496
9.0684
9.0116
9.0085
9.0006
9.0095
9.0328
9.0499
9.0732
9.0147
9.0008
9.0053
8.9926
9.0185
9.0473
9.0037
9.0219
9.0021
8.9979
8.9777
9.0197
9.0352
9.0436
9.0574
9.0660
9.0956
9.1018
9.0865
9.0495
9.0217
9.0508
9.1009
9.0899
9.1177
9.1219
9.1354
9.1016
9.1218
9.1354
9.1505
9.1428
9.1364
9.1227
9.1320
9.1422
9.1491
9.1569
9.1654
9.1038
9.0910
9.1500
9.1200
9.1334
9.1238
9.0953
9.0726
9.0718
9.0620
9.0645
9.0806
9.1140
9.1134
9.0993
9.1304
9.1116
9.1529
9.1477
9.1219
9.1044
9.1427
9.1163
9.1337
9.1042
9.1158
9.1064
9.1361
9.1268
9.0875
9.1017
9.1397
9.1131
9.0790
9.0744
9.0472
9.0436
9.0440
9.0067
8.9986
9.0429
9.0610
9.0767
9.0941
9.0780
9.1000
9.1244
9.1250
9.0989
9.1277
9.1152
9.0992
9.0880
9.1111
9.0968
9.1209
9.1277
9.1197
9.1020
9.0600
9.0578
9.1042
9.1203
9.1070
9.1100
9.1134
9.1260
9.0912
9.0836
9.0884
9.1249
9.1166
9.1207
9.0964
9.0982
9.1358
9.1598
9.2087
9.1742
9.1713
9.1393
9.1459
9.1199
9.1822
9.1758
9.1798
9.1998
9.1842
9.1736
9.1374
9.1282
9.1203
9.1337
9.1574
9.1394
9.1327
9.1830
9.1945
9.1539
9.1288
9.0942
9.1136
9.1218
9.1265
9.1384
9.0982
9.0914
9.1060
9.1045
9.1294
9.1350
9.1144
9.0961
9.1201
9.1246
9.1384
9.1272
9.1325
9.1139
9.1132
9.1125
9.1028
9.0742
9.0736
9.0907
9.0920
9.0755
9.1151
9.1634
9.1727
9.1831
9.2034
9.1905
9.1850
9.1701
9.1934
9.2061
9.1934
9.1861
9.2068
9.1853
9.1748
9.1809
9.1922
9.1869
9.2032
9.1792
9.1525
9.1516
9.1419
9.1443
9.1426
9.1185
9.1050
9.0678
9.0931
9.1124
9.1027
9.0919
9.0977
9.0908
9.1187
9.1097
9.1308
9.1409
9.1477
9.1241
9.1113
9.1059
9.0932
9.0525
9.0539
9.0466
9.0740
9.1223
9.1270
9.1456
9.1529
9.1966
9.1918
9.1909
9.2033
9.2081
9.2179
9.2177
9.2153
9.2259
9.2221
9.2224
9.2072
9.1724
9.2227
9.2297
9.2353
9.2392
9.2347
9.2230
9.2123
9.1914
9.2083
9.2448
9.2520
9.2401
9.2490
9.2500
9.2423
9.2492
9.2458
9.2465
9.2517
9.2374
9.2505
9.2006
9.2140
9.2245
9.1961
9.1824
9.1894
9.1882
9.2314
9.2393
9.2326
9.2274
9.2438
9.2420
9.2312
9.2347
9.2163
9.2448
9.2543
9.2248
9.2320
9.2400
9.2223
9.2292
9.2769
9.2633
9.2415
9.2639
9.2888
9.2698
9.2865
9.3005
9.3029
9.3543
9.2982
9.2869
9.2877
9.2885
9.2717
9.2575
9.3173
9.3348
9.3275
9.3484
9.3516
9.3196
9.3418
9.3531
9.3568
9.3365
9.3206
9.3140
9.3267
9.3141
9.2824
9.2515
9.2617
9.2864
9.2783
9.2625
9.2517
9.2575
9.2595
9.2528
9.2542
9.2247
9.2319
9.1866
9.1985
9.1762
9.1869
9.1965
9.2317
9.2709
9.2543
9.2093
9.2192
9.2169
9.2188
9.2121
9.1956
9.2307
9.2297
9.2197
9.2442
9.2113
9.2393
9.2526
9.2807
9.2719
9.2799
9.3066
9.3140
9.3045
9.3072
9.3236
9.3240
9.3334
9.3105
9.2672
9.2791
9.3102
9.2936
9.3218
9.3264
9.3116
9.2774
9.2682
9.2847
9.3253
9.2970
9.3211
9.3435
9.3328
9.3254
9.3038
9.2887
9.2719
9.2799
9.2977
9.3175
9.3217
9.3308
9.2986
9.3141
9.3023
9.2826
9.3141
9.3001
9.2735
9.2816
9.2996
9.2952
9.3280
9.3334
9.3615
9.3417
9.3664
9.3583
9.3403
9.3293
9.3126
9.3029
9.3054
9.2816
9.2863
9.2692
9.2658
9.2821
9.2912
9.2747
9.2741
9.2868
9.2876
9.2374
9.2327
9.2452
9.2370
9.2678
9.2975
9.2906
9.2852
9.2591
9.2968
9.2943
9.2914
9.2750
9.2522
9.2758
9.2665
9.2472
9.2303
9.2159
9.2355
9.2128
9.2231
9.2257
9.2175
9.2328
9.2365
9.2139
9.2243
9.2226
9.2474
9.2616
9.2684
9.2805
9.3295
9.3305
9.3317
9.3242
9.3425
9.3139
9.2843
9.2937
9.3286
9.3563
9.3248
9.3298
9.3309
9.3321
9.3202
9.3291
9.3146
9.3362
9.3559
9.3310
9.3456
9.3484
9.3227
9.3319
9.3155
9.3106
9.3007
9.2808
9.2454
9.3082
9.3247
9.3075
9.3061
9.3490
9.3434
9.3594
9.3593
9.3326
9.3385
9.3272
9.3236
9.3596
9.3463
9.3537
9.3752
9.3947
9.3941
9.4024
9.3449
9.3566
9.3340
9.3001
9.3157
9.3019
9.3132
9.2858
9.2909
9.3055
9.3395
9.3639
9.3733
9.3837
9.3907
9.3697
9.3531
9.3746
9.3851
9.3879
9.3666
9.3629
9.3655
9.4017
9.4286
9.3895
9.3795
9.3617
9.3508
9.3409
9.3566
9.3829
9.3900
9.3889
9.3632
9.3725
9.3695
9.3528
9.3787
9.3674
9.3550
9.3633
9.3370
9.3390
9.3278
9.3242
9.3603
9.3692
9.3969
9.3833
9.4037
9.3930
9.3834
9.3838
9.3864
9.3894
9.3927
9.4008
9.3654
9.3571
9.4012
9.3681
9.3868
9.3698
9.3665
9.4028
9.3942
9.3758
9.3820
9.3934
9.4194
9.4260
9.4511
9.4435
9.4350
9.4389
9.4144
9.4205
9.3894
9.3616
9.3707
9.3853
9.3792
9.3814
9.3971
9.3968
9.4010
9.3922
9.3869
9.3811
9.3968
9.4098
9.4375
9.4329
9.3854
9.3927
9.3831
9.4079
9.3954
9.3994
9.3816
9.3662
9.3758
9.3598
9.3421
9.3223
9.3537
9.3442
9.3469
9.3232
9.3058
9.3132
9.3258
9.3176
9.3351
9.3324
9.3160
9.3156
9.3062
9.3447
9.3564
9.3538
9.3309
9.3455
9.3528
9.3653
9.3704
9.3982
9.3936
9.3841
9.4001
9.3912
9.4036
9.4263
9.4248
9.4187
9.3919
9.3777
9.3886
9.3829
9.3766
9.3962
9.3869
9.4077
9.4220
9.4378
9.4242
9.4025
9.3695
9.3661
9.3579
9.3466
9.3585
9.3539
9.3621
9.3446
9.3340
9.3045
9.3162
9.3335
9.3395
9.3595
9.3728
9.3876
9.3596
9.3551
9.3635
9.3639
9.3999
9.3821
9.3668
9.4032
9.3769
9.3610
9.3434
9.3504
9.3405
9.3295
9.3572
9.3525
9.3606
9.3696
9.3796
9.3684
9.3561
9.3468
9.3942
9.4114
9.4171
9.4146
9.3985
9.3761
9.4135
9.3884
9.4004
9.3872
9.3947
9.4163
9.4315
9.4061
9.4246
9.4185
9.4295
9.4194
9.3972
9.4235
9.4662
9.4691
9.4768
9.4676
9.4530
9.4455
9.4595
9.4573
9.4459
9.4510
9.4478
9.4109
9.4210
9.4590
9.4567
9.4274
9.4438
9.4398
9.4310
9.4300
9.4289
9.4321
9.4357
9.4442
9.4358
9.4220
9.4378
9.4509
9.4566
9.4674
9.4616
9.4640
9.4756
9.4729
9.4721
9.4713
9.4703
9.4648
9.4898
9.4709
9.4611
9.4857
9.4819
9.4688
9.4765
9.4761
9.4890
9.4745
9.4695
9.4639
9.4754
9.4750
9.4833
9.4882
9.4602
9.4536
9.4596
9.4662
9.4914
9.4794
9.4815
9.4640
9.4933
9.5037
9.5064
9.5271
9.5079
9.5110
9.4967
9.4764
9.4672
9.4524
9.4494
9.4727
9.4852
9.4614
9.4638
9.4576
9.4685
9.4805
9.4717
9.4642
9.4891
9.4679
9.4622
9.4691
9.4368
9.4143
9.4203
9.4226
9.4029
9.4255
9.4150
9.4345
9.4384
9.4560
9.4711
9.4635
9.4550
9.4656
9.4641
9.4268
9.4387
9.4185
9.3940
9.4200
9.4400
9.4267
9.4386
9.4740
9.4667
9.4786
9.4696
9.4462
9.4692
9.4991
9.5035
9.5017
9.4908
9.4786
9.4830
9.4744
9.4538
9.4421
9.4379
9.4688
9.4498
9.4687
9.4586
9.4918
9.4931
9.4990
9.4878
9.4976
9.4885
9.4850
9.4656
9.4596
9.4440
9.4356
9.4396
9.4218
9.4687
9.4541
9.4557
9.4531
9.4723
9.4982
9.4869
9.4877
9.4708
9.4698
9.4598
9.4398
9.4220
9.4379
9.4332
9.4502
9.4559
9.4665
9.4562
9.4491
9.4435
9.4395
9.4483
9.4537
9.4686
9.4940
9.4845
9.4517
9.4441
9.4491
9.4457
9.4774
9.4994
9.5238
9.5287
9.5297
9.5308
9.5098
9.5220
9.5134
9.5172
9.5124
9.5161
9.5201
9.5179
9.5088
9.5120
9.4978
9.4999
9.5110
9.5011
9.4857
9.4775
9.4817
9.4530
9.4367
9.4541
9.4602
9.4424
9.4383
9.4381
9.4380
9.4378
9.4242
9.4136
9.4151
9.4480
9.4355
9.4306
9.4252
9.4191
9.4257
9.4286
9.4496
9.4307
9.4474
9.4350
9.4322
9.4447
9.4719
9.4466
9.4562
9.4492
9.4413
9.4460
9.4244
9.4450
9.4766
9.4896
9.5130
9.5166
9.5207
9.5164
9.5338
9.4976
9.4974
9.5038
9.4931
9.4813
9.4948
9.4920
9.5200
9.5156
9.5062
9.5314
9.5149
9.5055
9.4861
9.5091
9.4923
9.4937
9.4908
9.4743
9.4915
9.5106
9.5229
9.4965
9.4806
9.4941
9.5045
9.5073
9.5059
9.5355
9.5461
9.5357
9.5419
9.5177
9.5309
9.5410
9.5344
9.5139
9.4821
9.5046
9.5118
9.5242
9.5292
9.5391
9.4990
9.4834
9.4705
9.5139
9.5177
9.5219
9.5110
9.4967
9.5030
9.4967
9.4853
9.4992
9.4969
9.4944
9.5049
9.5077
9.5064
9.5049
9.4810
9.5122
9.5247
9.5208
9.5343
9.5359
9.5244
9.5382
9.5314
9.5371
9.5524
9.5471
9.5502
9.5202
9.5025
9.5317
9.5375
9.5506
9.5629
9.5632
9.5814
9.5793
9.5726
9.5741
9.5845
9.6051
9.6057
9.5752
9.5858
9.5709
9.5544
9.5360
9.5290
9.5100
9.4911
9.4924
9.4804
9.4716
9.4752
9.5058
9.5042
9.5025
9.5095
9.4950
9.4967
9.4986
9.5274
9.5326
9.5141
9.4868
9.4876
9.4884
9.4983
9.5092
9.4992
9.4791
9.4746
9.5051
9.4946
9.4807
9.4808
9.4854
9.4905
9.4872
9.5014
9.4904
9.5138
9.4998
9.4754
9.4794
9.4704
9.4650
9.4678
9.4887
9.4897
9.4774
9.4861
9.5045
9.5162
9.5202
9.5203
9.5070
9.5456
9.5440
9.5734
9.5905
9.5939
9.6199
9.6310
9.6389
9.5877
9.5775
9.5839
9.5599
9.5244
9.5160
9.5112
9.5058
9.5175
9.4906
9.5052
9.5213
9.5259
9.5000
9.5022
9.4869
9.4922
9.4936
9.5040
9.5156
9.5151
9.5279
9.5333
9.5525
9.5562
9.5780
9.5667
9.5764
9.5738
9.5931
9.5768
9.5654
9.5571
9.5479
9.5599
9.5555
9.5506
9.5540
9.5578
9.5532
9.5569
9.5521
9.5379
9.5488
9.5432
9.5591
9.5724
9.5649
9.5566
9.5740
9.5889
9.5677
9.6042
9.6047
9.6052
9.5880
9.5823
9.5626
9.5807
9.6008
9.6009
9.6188
9.5965
9.5628
9.5720
9.5645
9.5650
9.5656
9.5574
9.5571
9.5657
9.5708
9.5765
9.5494
9.5527
9.5742
9.5580
9.5578
9.5665
9.5628
9.5453
9.5482
9.5646
9.5741
9.5490
9.5434
9.5416
9.5440
9.5511
9.5590
9.5412
9.5702
9.5581
9.5623
9.5848
9.5543
9.5581
9.5490
9.5567
9.5409
9.5432
9.5680
9.5534
9.5705
9.5628
9.5631
9.5990
9.5990
9.5989
9.6077
9.5708
9.5764
9.5650
9.5522
9.5469
9.5455
9.5528
9.5432
9.5591
9.5501
9.5535
9.5484
9.5515
9.5684
9.5560
9.5645
9.5539
9.5489
9.5699
9.5888
9.5653
9.5548
9.5765
9.6050
9.5879
9.6043
9.6048
9.5743
9.5625
9.5540
9.5756
9.5595
9.5684
9.5916
9.5951
9.5990
9.5901
9.5846
9.5829
9.6121
9.6179
9.6044
9.6138
9.6065
9.6117
9.6085
9.6006
9.6141
9.6245
9.6073
9.5748
9.5765
9.5694
9.5794
9.5594
9.5816
9.5618
9.5398
9.5509
9.5765
9.5629
9.5810
9.5878
9.5887
9.6008
9.5876
9.5862
9.5803
9.5781
9.5690
9.5456
9.5396
9.5507
9.5252
9.4992
9.5013
9.5304
9.5227
9.5497
9.5664
9.5493
9.5615
9.5439
9.5510
9.5590
9.5678
9.5598
9.5642
9.5780
9.5756
9.5863
9.5848
9.5698
9.5620
9.5934
9.5926
9.5919
9.6043
9.6182
9.6291
9.6257
9.5952
9.6081
9.5912
9.6080
9.6090
9.6100
9.5867
9.5630
9.5545
9.5361
9.5424
9.5404
9.5516
9.5329
9.5344
9.5227
9.5275
9.5461
9.5468
9.5765
9.5872
9.5903
9.5981
9.5846
9.5696
9.5663
9.5848
9.5964
9.5872
9.5813
9.5548
9.5543
9.5537
9.5752
9.5814
9.5793
9.5771
9.5790
9.5900
9.5756
9.5818
9.5843
9.6003
9.5960
9.6000
9.6222
9.5736
9.5841
9.5868
9.5809
9.5877
9.5819
9.5332
9.5214
9.5483
9.5514
9.5727
9.5608
9.5565
9.5606
9.5607
9.5519
9.5466
9.5674
9.5593
9.5504
9.5627
9.6030
9.5945
9.6028
9.6031
9.6124
9.6227
9.6297
9.6196
9.6085
9.6273
9.6259
9.6044
9.6004
9.6094
9.5927
9.5741
9.5579
9.5844
9.5960
9.5867
9.5764
9.5582
9.5492
9.5391
9.5324
9.5560
9.5556
9.5729
9.5877
9.5908
9.5987
9.6031
9.5901
9.5846
9.5785
9.5716
9.5774
9.5971
9.5969
9.5921
9.6046
9.6096
9.5751
9.5990
9.6034
9.5993
9.5904
9.5760
9.5734
9.5838
9.5731
9.5835
9.5906
9.5474
9.5682
9.5447
9.5519
9.5644
9.5960
9.6134
9.6149
9.6011
9.6012
9.6058
9.6020
9.6201
9.6312
9.6103
9.5848
9.5876
9.5906
9.5807
9.5920
9.6133
9.6059
9.6155
9.6395
9.6439
9.6310
9.6301
9.6379
9.6466
9.6607
9.6586
9.6695
9.6640
9.6533
9.6459
9.6466
9.6474
9.6438
9.6376
9.6418
9.6331
9.6235
9.6217
9.6063
9.6026
9.5896
9.6151
9.6169
9.6010
9.5922
9.6047
9.5853
9.6015
9.5883
9.5959
9.5999
9.6133
9.6281
9.6224
9.6205
9.6228
9.6298
9.6509
9.6366
9.6496
9.6240
9.6178
9.6287
9.6186
9.5874
9.5904
9.6205
9.6228
9.6254
9.6238
9.6309
9.6255
9.5950
9.6122
9.6003
9.6048
9.6053
9.5837
9.5909
9.5988
9.5942
9.6158
9.6220
9.6112
9.6347
9.5919
9.6132
9.5970
9.5967
9.6141
9.6290
9.6367
9.6275
9.6306
9.6296
9.6329
9.6410
9.6456
9.6684
9.6627
9.6386
9.6341
9.6379
9.6199
9.6043
9.5915
9.5906
9.6029
9.5944
9.5982
9.6070
9.6078
9.6131
9.6146
9.6207
9.6675
9.6283
9.6270
9.6390
9.6567
9.6541
9.6401
9.6535
9.6373
9.6414
9.6416
9.6285
9.6272
9.6369
9.6233
9.6170
9.6145
9.6295
9.6239
9.6177
9.6064
9.6204
9.6449
9.6411
9.6546
9.6651
9.6857
9.6663
9.6826
9.6963
9.6848
9.6765
9.6672
9.6881
9.6845
9.6562
9.6424
9.6427
9.6386
9.6430
9.6389
9.6610
9.6633
9.6571
9.6590
9.6745
9.6783
9.6693
9.6859
9.6955
9.6928
9.6854
9.6904
9.6827
9.6830
9.6834
9.6549
9.6344
9.6294
9.6371
9.6412
9.6370
9.6544
9.6316
9.6396
9.6752
9.6924
9.6849
9.6655
9.6639
9.6533
9.6504
9.6649
9.6588
9.6698
9.6776
9.7173
9.7015
9.6750
9.6656
9.6685
9.6717
9.6752
9.6703
9.6737
9.6864
9.6582
9.6425
9.6161
9.6224
9.6027
9.5896
9.5752
9.5902
9.6070
9.6078
9.5953
9.6126
9.5918
9.6132
9.6147
9.6163
9.6270
9.6078
9.6087
9.6097
9.6064
9.6072
9.6213
9.6059
9.5866
9.5941
9.5845
9.5962
9.6002
9.6092
9.6058
9.6153
9.6082
9.6091
9.6146
9.6340
9.6423
9.6381
9.6468
9.6432
9.6480
9.6622
9.6514
9.6393
9.6437
9.6486
9.6230
9.6166
9.6363
9.6626
9.6696
9.6640
9.6400
9.6489
9.6455
9.6373
9.6414
9.6283
9.6048
9.6054
9.6060
9.5978
9.5842
9.5870
9.6167
9.6052
9.6014
9.6193
9.6348
9.6032
9.5991
9.6168
9.6143
9.6159
9.6399
9.6355
9.6394
9.6261
9.6290
9.6367
9.6675
9.6839
9.6888
9.6765
9.6894
9.6727
9.6675
9.6795
9.6884
9.6893
9.6726
9.6629
9.6566
9.6674
9.6571
9.6590
9.6567
9.6408
9.6232
9.6258
9.6509
9.6477
9.6441
9.6268
9.6387
9.6475
9.6350
9.6434
9.6016
9.6107
9.6430
9.6612
9.6813
9.6948
9.6832
9.6702
9.6869
9.7011
9.6990
9.7145
9.6805
9.6540
9.6422
9.6292
9.6369
9.6366
9.6629
9.6654
9.6594
9.6660
9.6356
9.6529
9.6766
9.6718
9.6709
9.6744
9.6783
9.6825
9.6784
9.6538
9.6465
9.6561
9.6624
9.6649
9.6588
9.6521
9.6579
9.6910
9.6878
9.6887
9.6697
9.6486
9.6451
9.6413
9.6370
9.6278
9.6354
9.6304
9.6205
9.6139
9.6066
9.6118
9.6309
9.6166
9.6407
9.6497
9.6597
9.6575
9.6328
9.6276
9.6440
9.6311
9.6435
9.6395
9.6350
9.6301
9.6290
9.6278
9.5753
9.5949
9.5943
9.6159
9.6400
9.6444
9.6538
9.6376
9.6329
9.6455
9.6417
9.6330
9.6234
9.6127
9.6008
9.6143
9.6203
9.6448
9.6276
9.6085
9.6228
9.6209
9.6144
9.6205
9.6183
9.6337
9.6375
9.6150
9.6167
9.6142
9.6113
9.6348
9.6121
9.6268
9.6253
9.6104
9.6382
9.6292
9.6280
9.6178
9.6109
9.6255
9.6417
9.6375
9.6239
9.6444
9.6493
9.6371
9.6145
9.6073
9.6081
9.6268
9.6343
9.6292
9.6281
9.6268
9.6298
9.6242
9.6314
9.6260
9.6112
9.6347
9.6341
9.6157
9.6175
9.6283
9.6226
9.6118
9.5954
9.6127
9.6186
9.6162
9.6269
9.6166
9.6407
9.6097
9.6508
9.6432
9.6391
9.6435
9.6395
9.6261
9.6646
9.6585
9.6783
9.6737
9.6686
9.6674
9.6616
9.6551
9.6657
9.6775
9.6439
9.6488
9.6209
9.6455
9.6372
9.6547
9.6431
9.6390
9.6478
9.6531
9.6679
9.6244
9.6271
9.6391
9.6301
9.6290
9.6434
9.6216
9.6418
9.6376
9.6329
9.6410
9.6678
9.6332
9.6369
9.6321
9.6491
9.6634
9.6661
9.6734
9.6639
9.6532
9.6280
9.6356
9.6485
9.6672
9.6836
9.6796
9.6929
9.6722
9.6891
9.7079
9.7022
9.6713
9.6526
9.6496
9.6507
9.6430
9.6256
9.6240
9.6401
9.6312
9.6170
9.6455
9.6506
9.6318
9.6532
9.6591
9.6435
9.6528
9.6542
9.6558
9.6576
9.6596
9.6529
9.6455
9.6373
9.6414
9.6461
9.6601
9.6713
9.6703
9.6693
9.6592
9.6658
9.6687
9.6631
9.6656
9.6819
9.6688
9.6498
9.6553
9.6437
9.6486
9.6496
9.6462
9.6336
9.6240
9.6223
9.6204
9.6493
9.6481
9.6713
9.6659
9.6599
9.6533
9.6726
9.6673
9.6749
9.6921
9.6846
9.6762
9.6603
9.6537
9.6641
9.6757
9.6797
9.7019
9.7133
9.7126
9.6962
9.6847
9.6852
9.6903
9.6915
9.6972
9.6792
9.6969
9.6899
9.6866
9.6873
9.6748
9.6787
9.6831
9.6923
9.7071
9.6856
9.6730
9.6767
9.6697
9.6685
9.6717
9.6886
9.7118
9.7021
9.7134
9.7305
9.7406
9.7185
9.7005
9.7028
9.7054
9.6994
9.6882
9.6892
9.6902
9.7003
9.6937
9.6908
9.6742
9.6736
9.6729
9.6810
9.6856
9.6863
9.6781
9.6868
9.6743
9.6826
9.6740
9.6823
9.6559
9.6754
9.6794
9.6571
9.6635
9.6706
9.6829
9.6544
9.6427
9.6475
9.6283
9.6448
9.6765
9.6673
9.6792
9.6503
9.6470
9.6833
9.6660
9.6733
9.6948
9.7054
9.7038
9.7065
9.7006
9.7029
9.7054
9.7394
9.7416
9.7307
9.7497
9.7575
9.7194
9.7372
9.7480
9.7356
9.7373
9.7393
9.7459
9.7466
9.7407
9.7297
9.7397
9.7241
9.7157
9.7197
9.7197
9.6975
9.7084
9.7249
9.7166
9.7118
9.7198
9.7087
9.7163
9.7115
9.6884
9.6804
9.6805
9.6717
9.6575
9.6683
9.6448
9.6499
9.6510
9.6656
9.6684
9.6805
9.6806
9.6807
9.6763
9.6893
9.6948
9.7098
9.6954
9.7060
9.6911
9.6880
9.7066
9.7096
9.7085
9.7117
9.7153
9.7148
9.7075
9.7284
9.7249
9.7255
9.7395
9.7594
9.7305
9.7273
9.7103
9.7137
9.7131
9.7212
9.7036
9.6796
9.6707
9.6874
9.6838
9.6932
9.7125
9.7205
9.7162
9.7247
9.7008
9.6987
9.6919
9.7021
9.6957
9.7331
9.7257
9.7130
9.6989
9.7099
9.7088
9.6943
9.6959
9.7066
9.7051
9.7257
9.7086
9.7118
9.6932
9.6902
9.6825
9.6828
9.6876
9.6929
9.6899
9.6955
9.6928
9.7120
9.7289
9.7010
9.6901
9.6868
9.7053
9.7037
9.7064
9.6960
9.6889
9.6944
9.6916
9.6929
9.7121
9.7068
9.7009
9.6944
9.7049
9.7122
9.7113
9.7082
9.6913
9.6882
9.6847
9.6897
9.6997
9.6885
9.7340
9.7355
9.7373
9.7526
9.7185
9.7228
9.7009
9.7210
9.7300
9.7223
9.7359
9.7199
9.7199
9.7155
9.7195
9.7372
9.7303
9.7403
9.7293
9.7215
9.7305
9.7228
9.7187
9.7186
